10
120
5 149
7 5
7 5
7 5
7 5
7 5
7 5
7 5
7 5
7 5
7 5
10 9
10 9
10 9
10 9
10 9
10 9
10 9
10 9
10 9
10 9
10 9
10 9
10 9
10 9
10 9
10 9
10 9
10 9
10 9
10 9
10 9
10 9
10 9
10 9
10 9
10 9
10 9
10 9
10 9
10 9
10 9
10 9
10 9
10 9
10 9
10 9
10 9
10 9
10 9
10 9
10 9
10 9
10 9
10 9
10 9
10 9
10 9
10 9
10 9
10 9
10 9
10 9
10 9
10 9
10 9
10 9
10 9
10 9
10 9
10 9
10 9
10 9
10 9
10 9
10 9
10 9
10 9
10 9
10 9
10 9
10 9
10 9
10 9
10 9
10 9
10 9
10 9
10 9
10 9
10 9
10 9
10 9
10 9
10 9
10 9
10 9
10 9
10 9
10 9
10 9
10 9
10 9
10 9
10 9
10 9
10 9
10 9
10 9
10 9
10 9
40 234
40 234
40 234
40 234
40 234
40 234
40 234
40 234
40 234